Dia	Mês	Ano	Hora	Velocidade 	Direção	Temperatura	Umidade 	Pressão
30	11	2015	14	13.01213875	75.10548099	27.51612903	72.93063584	1020.422601
30	11	2015	15	12.72608696	68.33433228	27.23809524	75.21212121	1020.394348
30	11	2015	16	12.08111113	64.45786539	27.10526316	75.74137931	1020.508333
30	11	2015	17	11.64722224	53.84209995	26.30555556	75.30263158	1020.611
30	11	2015	18	11.06444444	53.94527939	25.46428571	76.59259259	1020.8665
30	11	2015	19	10.32444445	51.32071363	24.76470588	83.34444444	1021.2865
30	11	2015	20	9.862777789	47.35450672	24.31081081	88.04464286	1021.6275
30	11	2015	21	9.598888869	41.81610784	24.30434783	91.32967033	1021.892333
30	11	2015	22	9.488888884	39.56126994	24.5	92.41538462	1021.856167
30	11	2015	23	7.502222217	37.88153749	24.41935484	93.62962963	1021.834667
1	12	2015	0	7.081111103	29.57310682	23.37681159	94.5	1021.743833
1	12	2015	1	8.003333415	34.07861467	24	94.67391304	1021.5
1	12	2015	2	8.149444466	34.41920359	23.52631579	95.51351351	1021.352333
1	12	2015	3	8.962777792	30.57608559	22.43023256	95.61038961	1021.279667
1	12	2015	4	7.672777804	28.64172603	22.5862069	96.55172414	1021.657833
1	12	2015	5	6.331666684	27.0869579	22.73913043	95.6	1022.314167
1	12	2015	6	4.587179497	27.99001078	22.96402878	94.06944444	1022.913228
1	12	2015	7	4.961111107	30.3283905	24.36842105	88.62921348	1023.308
1	12	2015	8	5.65944445	31.62701131	25.71551724	79.83116883	1023.572667
1	12	2015	9	5.417777794	56.8293866	26.59210526	75.18333333	1023.511833
1	12	2015	10	7.303910604	107.4608054	24.54411765	88.08536585	1011.850559
1	12	2015	11	8.602777796	100.148739	25.26086957	89.48905109	1022.834667
1	12	2015	12	11.70611108	90.10603101	25.416	85.55555556	1022.1265
1	12	2015	13	12.30500005	90.09027986	25.22807018	83.53888889	1021.731333
1	12	2015	14	12.08722222	92.61931312	25.24096386	87.29444444	1021.406833
1	12	2015	15	11.34166668	88.88482624	25.39473684	86.7816092	1021.182667
1	12	2015	16	10.69388894	89.30043627	25.29411765	89.68888889	1021.194333
1	12	2015	17	9.519444439	85.64423433	25.27777778	91.16666667	1021.3275
1	12	2015	18	8.94000002	83.96390568	25.37837838	91.3125	1021.6315
1	12	2015	19	8.105000016	83.44035601	25.32	91.13432836	1022.0965
1	12	2015	20	7.637777779	84.86768253	25.23809524	91.02752294	1022.5755
1	12	2015	21	6.661111122	75.58460875	25.41025641	90.62773723	1022.867167
1	12	2015	22	4.801111111	63.93569425	25.23333333	90.50555556	1022.854333
1	12	2015	23	3.717777774	64.7529186	25.45238095	91.25316456	1022.667167
2	12	2015	0	2.141666657	36.13960931	24.33613445	91.95454545	1022.361333
2	12	2015	1	2.77055556	22.21556353	24.04065041	93.46341463	1021.904333
2	12	2015	2	2.749444438	355.7453278	24.16	93.56470588	1021.741667
2	12	2015	3	3.912222219	347.0745286	23.72727273	94.55	1021.681167
2	12	2015	4	5.532222231	340.1293724	23.65714286	94.56521739	1021.642
2	12	2015	5	6.351666662	356.553715	23.12883436	94.73076923	1021.793833
2	12	2015	6	4.577777776	339.1515688	23.0625	93.88888889	1022.242333
2	12	2015	7	3.918888871	341.0214706	24.02777778	90.8057554	1022.591333
2	12	2015	8	4.281111113	7.925447043	25.30555556	81.04666667	1022.650667
2	12	2015	9	3.599999991	17.95342279	26.79545455	73.74074074	1022.529167
2	12	2015	10	3.905555554	94.69520791	26.66666667	76.99295775	1022.345833
2	12	2015	11	7.156111113	105.4689891	25.42647059	83.97183099	1021.903167
2	12	2015	12	8.167222222	103.251064	25.96581197	78.94444444	1021.442
2	12	2015	13	8.547777798	97.80508397	26.1884058	77.67222222	1020.905333
2	12	2015	14	9.712222205	90.02163331	26.26190476	79.05555556	1020.306167
2	12	2015	15	10.48055558	85.7889093	26.35555556	78.62777778	1019.979667
2	12	2015	16	10.28333334	81.26108621	26.27027027	78.38888889	1019.8445
2	12	2015	17	9.587777768	74.44505665	26.08219178	79.61111111	1019.776167
2	12	2015	18	9.037777797	69.43840729	26.18333333	79.2752809	1019.852833
2	12	2015	19	7.906666687	59.13047101	25.43478261	80.70642202	1020.261833
2	12	2015	20	7.552222284	56.84459412	25.09876543	82.83505155	1020.658
2	12	2015	21	6.913333315	55.09999064	24.34444444	85.57142857	1020.995167
2	12	2015	22	6.856666679	59.46221562	24.3	87.22413793	1020.971
2	12	2015	23	6.588333339	51.52745412	24.43333333	89.93103448	1020.693667
3	12	2015	0	6.380555564	54.57042113	24.09615385	91.23076923	1020.326
3	12	2015	1	6.203888904	39.04400124	22.53521127	91.29365079	1020.033667
3	12	2015	2	6.588888878	24.63981894	22.52380952	93.34615385	1019.9255
3	12	2015	3	7.843888892	29.09347005	22.57894737	92.23333333	1019.9075
3	12	2015	4	8.235555543	27.22294391	22.52941176	91.36111111	1019.923
3	12	2015	5	8.783333349	23.66753238	23.31818182	89.48717949	1020.4315
3	12	2015	6	6.128333334	10.70876456	22.59756098	89.03305785	1021.01
3	12	2015	7	3.190555557	353.7603146	22.67222222	90.04918033	1021.428833
3	12	2015	8	3.397777773	1.448178967	24.61046512	82.83125	1021.676333
3	12	2015	9	4.286111106	73.19028047	26.29411765	77.69230769	1021.4735
3	12	2015	10	5.711111112	74.73254451	27.04301075	71.31460674	1021.068167
3	12	2015	11	7.795000031	92.17982633	26.4375	78.30555556	1020.5475
3	12	2015	12	10.10166663	92.4645686	26.37313433	76.47777778	1019.826167
3	12	2015	13	12.19222224	88.92627521	25.8172043	77.87777778	1019.166333
3	12	2015	14	12.67666667	84.54670825	25.44966443	72.28888889	1018.596667
3	12	2015	15	12.94722222	82.38588252	25.04375	75.37777778	1018.172
3	12	2015	16	12.36166671	82.5839982	24.4939759	79.49444444	1018.194167
3	12	2015	17	10.5788889	79.39794609	24.16666667	82.39285714	1018.5085
3	12	2015	18	8.624999976	72.67965767	23.69784173	84.81547619	1018.878833
3	12	2015	19	8.648333348	64.62140637	23.38372093	86.7173913	1019.3275
3	12	2015	20	8.185555577	58.49107706	23.71153846	90.34532374	1019.725667
3	12	2015	21	8.362222224	49.58931543	23.82407407	90.94915254	1019.814167
3	12	2015	22	8.218888887	43.29494232	23.41666667	91.28125	1019.7095
3	12	2015	23	6.366111098	45.18134503	23.05479452	92.35714286	1019.541
4	12	2015	0	6.67944444	44.38394286	22.44578313	93.7260274	1019.371
4	12	2015	1	6.501111105	45.43602515	22.37719298	93.52941176	1019.182833
4	12	2015	2	5.751666681	38.39676461	23	93.6	1019.1625
4	12	2015	3	3.634444431	32.61624612	22.6369863	93.91111111	1019.343833
4	12	2015	4	2.379444436	346.6118363	22.52631579	94.50793651	1019.909333
4	12	2015	5	6.209444447	291.9704866	22.83185841	94.75257732	1020.723333
4	12	2015	6	8.868333353	287.9460862	22.01111111	88.67222222	1020.824333
4	12	2015	7	7.169444454	290.5024206	21.84444444	89.49444444	1020.706167
4	12	2015	8	7.855000024	327.2926549	22.22222222	86.56097561	1021.162167
4	12	2015	9	8.678333314	352.5306226	21.95	85.98780488	1019.984
4	12	2015	10	5.514444447	344.1896393	22.48275862	89.23888889	1019.879833
4	12	2015	11	3.916111112	266.3364136	23.72857143	90.21348315	1020.096667
4	12	2015	12	4.583333332	208.1361041	24.14193548	86.31875	1019.655167
4	12	2015	13	5.026111117	170.7928815	21.08426966	88.51136364	1019.006833
4	12	2015	14	3.641666659	161.3186045	20.63571429	85.06111111	1018.459667
4	12	2015	15	3.826666664	120.4645503	21.10714286	85.625	1018.363833
4	12	2015	16	5.711764719	89.31553203	22.4822695	87.04294479	1018.435059
4	12	2015	17	7.486585384	73.58798948	23.14634146	85.2804878	1018.429756
4	12	2015	18	5.979444432	56.94336924	24.27647059	80.07303371	1018.803833
4	12	2015	19	6.625555571	50.41032298	24.46511628	84.60784314	1019.279167
4	12	2015	20	7.61166669	50.70095719	23.84745763	89.83333333	1019.639333
4	12	2015	21	7.811666716	54.10980164	23.84722222	92.81967213	1019.965167
4	12	2015	22	8.371666662	47.81598939	23.38095238	94.79090909	1019.908333
4	12	2015	23	8.703333328	42.77353127	23.42857143	95.26153846	1019.455
5	12	2015	0	7.166111106	33.35853469	23.27777778	97.10810811	1019.234667
5	12	2015	1	7.646666688	23.76208916	22.62162162	97.52380952	1019.002833
5	12	2015	2	7.447222233	26.67885461	22.28947368	96.72222222	1018.834833
5	12	2015	3	5.448888885	20.29421781	21.81818182	96.52	1019.179833
5	12	2015	4	5.323888879	17.22945932	21.74137931	96.35849057	1019.493167
5	12	2015	5	5.950555584	28.18763425	21.61111111	95.68965517	1019.728833
5	12	2015	6	2.342777773	331.7178157	22.17094017	95.61386139	1020.639833
5	12	2015	7	3.828888892	1.645631445	23.26086957	94.12	1020.725333
5	12	2015	8	5.740000004	27.82400139	25.52873563	83.73333333	1020.4355
5	12	2015	9	6.441666687	27.7099457	26.73571429	71.82222222	1020.084167
5	12	2015	10	7.837777762	24.42899764	29.06818182	60.63333333	1019.627833
5	12	2015	11	7.322222243	35.21482174	29.91463415	52.18333333	1019.137667
5	12	2015	12	8.948888906	61.30756264	29.47560976	59.37222222	1018.608
5	12	2015	13	11.76722224	66.1423187	28.61538462	62.58888889	1017.8755
5	12	2015	14	12.82666667	67.68511205	27.32089552	66.91111111	1017.4555
5	12	2015	15	13.55055557	65.6733003	27.60451977	68.03888889	1017.242
5	12	2015	16	12.5788889	58.64666386	26.61744966	69.36746988	1017.296333
5	12	2015	17	13.32222223	49.16068542	25.72077922	75.14204545	1017.569667
5	12	2015	18	11.66555554	47.324648	24.71153846	83.34782609	1018.131167
5	12	2015	19	10.74611113	41.02240316	24.51428571	87.08695652	1018.944
5	12	2015	20	10.16666663	44.05961483	24.57894737	88.80851064	1019.3665
5	12	2015	21	7.95277778	34.12990521	24.85454545	89.79411765	1019.973333
5	12	2015	22	11.80111109	40.92776284	23.75735294	92.67625899	1020.0645
5	12	2015	23	13.36055556	42.64916791	23.31481481	94.49056604	1019.1275
6	12	2015	0	12.7488889	18.56580623	23.47058824	94.57692308	1019.2665
6	12	2015	1	8.34000001	346.9700808	23.04854369	93.43298969	1019.652333
6	12	2015	2	6.342222232	321.9450259	22.71523179	90.44537815	1019.884667
6	12	2015	3	6.403888885	289.1099137	22.4516129	90.43396226	1020.229667
6	12	2015	4	4.513888869	260.2102364	21.26785714	93.42156863	1020.390167
6	12	2015	5	3.126111097	265.5725063	22.30769231	91.43902439	1020.490167
6	12	2015	6	7.183888907	354.554409	22.07284768	90.30136986	1020.528167
6	12	2015	7	8.339444447	9.637300107	22.29655172	95.27659574	1020.576833
6	12	2015	8	7.651666665	5.019567697	23.23333333	90.8255814	1020.7955
6	12	2015	9	7.628888888	6.39170207	24.09444444	89.5323741	1020.948333
6	12	2015	10	7.064444455	11.36439002	25.07333333	88.70769231	1020.847667
6	12	2015	11	5.650000003	354.6010192	26.12777778	84.26056338	1020.705667
6	12	2015	12	5.998888899	349.7498423	26.98333333	77.56321839	1020.3515
6	12	2015	13	6.47111111	334.9793909	28.0733945	69.87222222	1019.855167
6	12	2015	14	3.438888877	340.9123239	28.96052632	66.35119048	1019.417833
6	12	2015	15	7.015555586	63.20783888	28.20588235	73.44444444	1018.910833
6	12	2015	16	8.798333364	53.14422352	27.61111111	75.55102041	1018.608667
6	12	2015	17	9.17666667	42.73502171	26.50909091	76.94949495	1018.735833
6	12	2015	18	9.618888903	36.81545491	25.60416667	81.62068966	1019.2095
6	12	2015	19	10.71833333	35.0911189	24.52941176	86.53448276	1019.4145
6	12	2015	20	9.776111105	32.7116015	24.35714286	89.45283019	1019.748
6	12	2015	21	10.23222223	29.36203624	24.1754386	91.94545455	1020.036667
6	12	2015	22	10.50055555	28.38441234	23.96261682	91.68103448	1020.000333
6	12	2015	23	10.92555556	26.99322909	23.18181818	92.21505376	1019.702167
7	12	2015	0	10.45277778	24.08820566	23.4	92.58108108	1019.408833
7	12	2015	1	9.133888854	21.4395628	22.69230769	92.78947368	1019.068
7	12	2015	2	8.645000039	24.85119991	22.17647059	93.41666667	1018.801
7	12	2015	3	9.506666697	19.20614587	22.31428571	90.8490566	1018.750833
7	12	2015	4	10.17444446	22.82278187	22.47706422	87.53271028	1018.861167
7	12	2015	5	10.44888887	23.49304457	23	90.39215686	1019.319833
7	12	2015	6	9.386111148	23.80579396	23.56410256	88.525	1019.9225
7	12	2015	7	9.30055555	16.8334667	25.23387097	82.96153846	1020.2255
7	12	2015	8	8.208888888	15.23150932	26.27927928	78.98529412	1020.6985
7	12	2015	9	7.518333348	18.45832427	27.40659341	77.20149254	1020.818667
7	12	2015	10	6.862222213	21.58513047	28.55	73.28888889	1020.727833
7	12	2015	11	5.480555546	29.93957942	29.71428571	68.72777778	1020.515833
7	12	2015	12	6.267222208	62.05528924	30.140625	68.11666667	1019.990833
7	12	2015	13	9.996111131	63.10214211	29.81730769	70.48888889	1019.223167
7	12	2015	14	11.81111108	59.06023691	29.13793103	69.88888889	1018.5985
7	12	2015	15	12.06611115	62.15951596	28.21276596	71.65	1018.351
7	12	2015	16	10.77500001	51.74758137	27.93023256	72.11363636	1018.480667
7	12	2015	17	10.15055557	45.17376226	26.49473684	75.83333333	1018.669
7	12	2015	18	10.05333336	44.09061859	24.69285714	79.08461538	1018.7875
7	12	2015	19	8.592777782	41.35513186	24.63157895	81.75324675	1019.664667
7	12	2015	20	8.041111151	34.79354314	25.18181818	82.42105263	1020.353667
7	12	2015	21	7.749444461	31.80965724	24.37894737	81.97619048	1020.455833
7	12	2015	22	5.438333314	20.10063392	23.75280899	84.75	1020.7165
7	12	2015	23	2.739999994	323.7132764	23.88888889	86.11538462	1020.91
8	12	2015	0	2.44499999	10.05977078	24.05128205	85.4137931	1020.701667
8	12	2015	1	3.718888899	50.41297625	23.625	86.59322034	1020.352167
8	12	2015	2	7.165555602	55.33516752	23.4375	89.13235294	1020.227167
8	12	2015	3	7.361666674	48.22256471	23.27956989	89.48076923	1020.358
8	12	2015	4	7.041111096	48.34941767	23.48571429	91.33333333	1020.596167
8	12	2015	5	7.375000024	47.6345934	23.4137931	88.17592593	1021.013833
8	12	2015	6	4.896111117	59.41714242	24.5	88.11111111	1021.872333
8	12	2015	7	4.616111104	49.43667708	24.62857143	84.37313433	1022.514167
8	12	2015	8	3.581111105	56.99551767	25.35820896	80.5483871	1022.9465
8	12	2015	9	2.976111105	133.5296639	25.9010989	79.72649573	1023.262
8	12	2015	10	5.676111126	109.1605643	25.30232558	84.15662651	1023.017833
8	12	2015	11	8.590173459	90.50366889	25.18421053	84.99328859	1022.439884
8	12	2015	12	10.30231212	83.64240166	25.36842105	81.37572254	1021.921214
8	12	2015	13	10.13555555	85.74810247	25.39393939	82.42777778	1021.632833
8	12	2015	14	10.53833338	83.80969851	25.36363636	83.57317073	1021.271833
8	12	2015	15	10.67943263	78.19874364	25.3203125	81.90909091	1020.964255
8	12	2015	16	9.806194651	64.67350698	25.53623188	80.25663717	1020.910354
8	12	2015	17	8.765555559	56.8392068	25.76691729	76.96899225	1021.130167
8	12	2015	18	7.857222231	55.54948143	25.20512821	77.15384615	1021.625833
8	12	2015	19	7.341111125	55.25726368	25.15151515	79.98630137	1022.238
8	12	2015	20	7.320555544	58.97837666	24.54545455	83.90721649	1022.684667
8	12	2015	21	7.771111139	56.72489582	24.18072289	86.56	1022.972667
8	12	2015	22	6.461666669	47.71004256	24.44444444	88.47368421	1023.115
8	12	2015	23	5.391111146	37.58106248	24.07407407	91.53465347	1022.9665
9	12	2015	0	5.110000004	36.67231031	23.32	92.66176471	1022.437
9	12	2015	1	5.36722223	30.04084176	23.55172414	93.65714286	1022.131333
9	12	2015	2	3.873888867	22.42791472	23.02777778	94.83168317	1022.230667
9	12	2015	3	4.446666645	37.38446782	23.51724138	94.47222222	1022.264167
9	12	2015	4	5.26833334	26.51380514	23.28571429	95.16	1022.313333
9	12	2015	5	6.575000016	20.38032449	23.52941176	93.81944444	1022.6415
9	12	2015	6	7.045000026	19.6320036	23.56435644	88.75423729	1022.919
9	12	2015	7	6.110555535	19.18351984	23.78861789	86.47058824	1023.308333
9	12	2015	8	5.655555567	29.60281551	24.75409836	76.96666667	1023.642333
9	12	2015	9	4.807777777	34.08108183	25.87313433	71.89444444	1023.7265
9	12	2015	10	5.813888899	96.50643734	26	76.84567901	1023.505833
9	12	2015	11	7.99666667	100.0987385	25.19626168	82.46428571	1023.086
9	12	2015	12	9.44555557	96.47337948	25.41237113	80.25	1022.667667
9	12	2015	13	12.03314917	86.74111212	25.22543353	76.35911602	1010.654088
9	12	2015	14	12.2161111	80.85841671	25.83333333	74.22222222	1021.3865
9	12	2015	15	11.86944446	80.87476476	25.61643836	76.60714286	1021.069833
9	12	2015	16	11.15777779	76.89925302	26.01351351	74.83928571	1021.025167
9	12	2015	17	10.0385714	70.71132477	26	77.12857143	1021.015286
9	12	2015	18	9.294444137	60.29675769	25	77	1021.48875
9	12	2015	19	8.617613646	57.83986731	25.13513514	81.71875	1021.691932
9	12	2015	20	8.61944445	53.30322204	24.27142857	86.41558442	1021.8315
9	12	2015	21	8.383333339	48.02360763	24.24	88.62820513	1021.980833
9	12	2015	22	9.193333345	45.19315883	23.975	91.01904762	1021.810667
9	12	2015	23	9.868333361	43.02296304	23.43902439	91.44444444	1021.2965
10	12	2015	0	9.702777778	39.34506861	23.63333333	91.52777778	1020.876167
10	12	2015	1	9.402222241	37.44231593	23.51724138	93.31746032	1020.683167
10	12	2015	2	9.84444446	32.84317316	23.25490196	94.30645161	1020.771
10	12	2015	3	9.884444449	28.45499265	22.39506173	96	1020.895333
10	12	2015	4	10.4	30.02065476	22.58695652	95.25714286	1020.977167
10	12	2015	5	10.97944443	26.79781914	22.21311475	94.42105263	1021.202
10	12	2015	6	10.34888888	25.38987455	22.59444444	92.7826087	1021.556
10	12	2015	7	8.664024411	25.30882502	23.47692308	90.39655172	1021.755183
10	12	2015	8	7.215384667	28.71112531	25.92307692	74.46153846	1022.434615
10	12	2015	9	6.847777804	30.24628247	26.3960396	70.67777778	1022.294667
10	12	2015	10	7.066666672	29.60184498	27.81617647	60.81666667	1022.036667
10	12	2015	11	6.822777775	18.03905483	29.39772727	49.37222222	1021.518
10	12	2015	12	8.407222243	65.79591564	29.36842105	56.08333333	1021.041667
10	12	2015	13	11.86166664	70.21550789	28.56804734	62.67777778	1020.300667
10	12	2015	14	12.07333332	69.29004205	28.34615385	64.95774648	1019.889667
10	12	2015	15	11.42111111	63.78643286	28.15384615	64.71111111	1019.514167
10	12	2015	16	11.20611112	60.58701745	27.464	63.72151899	1019.461667
10	12	2015	17	10.71111111	51.79799832	26.71428571	64.86046512	1019.604833
10	12	2015	18	10.33666669	47.89091482	25.31034483	73.38636364	1019.899167
10	12	2015	19	10.61555559	44.88260366	24.44230769	81.8	1020.187667
10	12	2015	20	11.555	42.46677141	24.57142857	87.23404255	1020.421833
10	12	2015	21	11.36055555	36.70394713	23.48421053	89.60655738	1020.722667
10	12	2015	22	10.125	29.67979574	23.29166667	92.18888889	1020.865
10	12	2015	23	8.755555606	23.16173558	22.76	93.72413793	1020.688833
11	12	2015	0	9.684444467	25.39056295	22.64341085	94.31182796	1020.3455
11	12	2015	1	10.45388889	27.96402612	21.33707865	95.40425532	1020.0445
11	12	2015	2	9.083333336	22.57731205	21.17977528	95.06666667	1020.040333
11	12	2015	3	10.20777779	25.81835883	21.23255814	95.33333333	1019.9365
11	12	2015	4	10.41555556	30.96416137	21.42553191	95.65625	1020.049
11	12	2015	5	6.493888889	5.220606603	21.66060606	96.83333333	1021.019
11	12	2015	6	6.051111117	343.5825653	21.63803681	95.07317073	1021.583333
11	12	2015	7	6.922777775	17.56226777	22.54954955	89.6741573	1021.803667
11	12	2015	8	7.566666683	18.83783345	25.34027778	75.15555556	1021.917167
11	12	2015	9	5.641111112	17.89286994	27.02840909	66.46590909	1022.001833
11	12	2015	10	5.032222228	14.51723293	29.01935484	52.22222222	1021.826833
11	12	2015	11	5.585555534	39.68341835	29.81343284	46.35555556	1021.5215
11	12	2015	12	10.02444449	79.67271209	28.16483516	64.74719101	1020.928167
11	12	2015	13	12.7377778	76.66169331	27.31343284	69.40384615	1020.267667
11	12	2015	14	12.65222224	73.06225881	27.43835616	69.58024691	1019.928
11	12	2015	15	12.32444445	64.24965665	27.421875	65.46666667	1019.813
11	12	2015	16	12.45777779	57.00767389	27.09615385	65.38888889	1019.629667
11	12	2015	17	12.15444442	52.60384889	25.62365591	69.81097561	1019.742
11	12	2015	18	11.27777781	51.95851662	24.73214286	79.54666667	1020.0445
11	12	2015	19	10.78	49.41990825	24.45	85.5	1020.532833
11	12	2015	20	10.55333337	47.21877526	24.34042553	89.10638298	1021.2
11	12	2015	21	10.74944447	42.69060694	24.11538462	89.58139535	1021.678167
11	12	2015	22	9.889444452	41.72901173	24.40983607	91.04225352	1021.901333
11	12	2015	23	9.591111135	39.11617114	24.17045455	93.06329114	1021.594167
12	12	2015	0	8.445000052	35.411274	23.49206349	93.34090909	1021.282833
12	12	2015	1	8.419999997	34.23225355	23.19736842	95.75	1021.017
12	12	2015	2	8.740555565	31.14348228	24	96.29850746	1020.921833
12	12	2015	3	8.596111163	31.94964426	23.40425532	96.36111111	1021.045
12	12	2015	4	7.520000013	30.18297476	23.4480293	96.77777778	1021.474667
12	12	2015	5	6.603888896	28.7377279	23.49180328	97.58064516	1021.91
12	12	2015	6	4.579999997	20.23738408	22.82926829	97.65909091	1022.388167
12	12	2015	7	6.177777791	34.84945118	24.30769231	93.97619048	1022.488167
12	12	2015	8	7.175555552	25.93706248	26.11851852	83.06111111	1022.735833
12	12	2015	9	7.286111119	33.11617294	27.44230769	69.57777778	1022.8305
12	12	2015	10	6.262777795	41.11054799	28.62790698	58.09444444	1022.772167
12	12	2015	11	10.44555556	77.39687654	27.64383562	60.65	1022.228
12	12	2015	12	11.60055557	77.7276817	27.6185567	61.24444444	1021.771667
12	12	2015	13	12.22777776	79.7082666	27.98387097	55.29444444	1021.3575
12	12	2015	14	12.96666667	79.05182861	27.0620155	64.89444444	1020.868333
12	12	2015	15	13.07055556	80.85328943	26.25316456	76.25	1020.704833
12	12	2015	16	13.19777777	82.26098384	25.45098039	84.42073171	1020.560667
12	12	2015	17	12.66055554	79.14457453	25.34	87.95	1020.691833
12	12	2015	18	11.44888887	73.39296986	24.52	94	1020.793333
12	12	2015	19	9.461666693	65.11115829	24.51	91.56962025	1021.3865
12	12	2015	20	9.123333332	59.95670607	24.5	92.38095238	1021.972167
12	12	2015	21	9.818333361	57.84536376	25	92.29032258	1022.200333
12	12	2015	22	8.948888903	59.82722114	24.15151515	94.45544554	1022.404167
12	12	2015	23	9.055555571	53.69975636	24.41860465	95.30555556	1022.048833
13	12	2015	0	7.890000041	52.79735894	24.5	96.39473684	1021.899667
13	12	2015	1	7.615555541	52.99912571	24.48648649	96.68518519	1021.623667
13	12	2015	2	7.181111116	54.34193724	24.3	97.07692308	1021.481333
13	12	2015	3	8.038888923	52.09028665	24.05128205	96.46153846	1021.513
13	12	2015	4	6.657777781	45.37937207	23.53246753	97.07526882	1021.825
13	12	2015	5	5.731666668	38.41685478	24.25	98	1022.131
13	12	2015	6	4.992222219	43.41054293	23.83216783	97.51351351	1022.508167
13	12	2015	7	4.917222232	42.66935581	24.58064516	93.64864865	1022.775833
13	12	2015	8	4.522777784	52.7740731	25.34920635	87.5	1022.9645
13	12	2015	9	5.969999998	94.63988694	25.359375	87.67123288	1023.067167
13	12	2015	10	8.941111149	90.34788724	25.05333333	91.5	1022.716
13	12	2015	11	10.64944445	97.18162039	24.43333333	94.19230769	1022.4265
13	12	2015	12	11.48833333	90.58205515	25.03636364	91.39655172	1022.0235
13	12	2015	13	13.48833335	84.0258753	24.97979798	90.32222222	1021.4695
13	12	2015	14	13.5538889	75.99116536	25.55223881	86.11111111	1020.960667
13	12	2015	15	12.83833332	79.41646301	26.2	80.6	1020.911
13	12	2015	16	13.38888887	77.32769205	26.05769231	81.26111111	1020.7575
13	12	2015	17	13.23944443	74.07808034	25.50704225	81.61111111	1020.7055
13	12	2015	18	12.4561111	67.78221041	25.54605263	80.07741935	1021.035833
13	12	2015	19	12.18287293	66.6718503	24.61111111	80.25252525	1010.107127
13	12	2015	20	10.38000002	63.55774744	25.42	85.74647887	1021.929667
13	12	2015	21	9.965000017	61.27420102	24.66666667	87.73170732	1022.324667
13	12	2015	22	8.82888889	56.53326101	24.33333333	89.30841122	1022.487333
13	12	2015	23	7.914999991	51.11751006	24.66666667	90.7	1022.363167
14	12	2015	0	8.043888934	49.66441607	24.31313131	91.95049505	1022.072333
14	12	2015	1	6.992777816	51.66796594	25	93.27777778	1022.021167
14	12	2015	2	5.562222258	45.98545236	24.50819672	94.70491803	1021.997
14	12	2015	3	5.780000011	45.44934197	23.79591837	96	1021.968667
14	12	2015	4	5.123888914	44.42220313	23.54166667	94.53846154	1022.1235
14	12	2015	5	3.913333325	52.59005427	24.05555556	94.62650602	1022.609833
14	12	2015	6	2.117222218	50.18385361	23.6119403	94.20430108	1022.980667
14	12	2015	7	1.765555546	64.66306836	24.87313433	91.42105263	1023.306833
14	12	2015	8	3.869999998	97.40103629	24.89855072	89.85034014	1023.512833
14	12	2015	9	5.615555551	95.52151451	24.58974359	89.22543353	1023.526333
14	12	2015	10	7.051666668	100.7937849	25.35779817	89.48170732	1023.242167
14	12	2015	11	8.262777803	98.04860181	25.27272727	85.54444444	1022.800167
14	12	2015	12	9.714444415	96.63798745	25.56111111	81.80555556	1022.315
14	12	2015	13	10.04333333	97.95633964	25.5	84.47972973	1021.872333
14	12	2015	14	9.957777786	91.46449579	25.24	88.43165468	1021.399333
14	12	2015	15	9.927777746	88.90456893	25.41463415	86.38823529	1021.006667
14	12	2015	16	8.67777778	90.06791061	25.24137931	84.90963855	1021.002667
14	12	2015	17	7.916666704	90.02372656	25.43589744	86.52	1021.144667
14	12	2015	18	7.661666685	85.66377723	25.18421053	89.27848101	1021.311333
14	12	2015	19	8.475555571	79.16262424	25.13636364	87.37681159	1021.376833
14	12	2015	20	8.89111112	75.47244876	25.38461538	87.46078431	1021.508333
14	12	2015	21	7.775000011	80.04812571	25.28571429	88.32222222	1021.898833
14	12	2015	22	7.985555591	82.15734456	25.17948718	89.05405405	1021.991379
14	12	2015	23	7.206666671	73.41897725	24.80327869	91.28915663	1021.8235
15	12	2015	0	6.42444445	67.85952667	24.54545455	90.6	1021.547333
15	12	2015	1	7.153333341	61.12659754	24.11650485	93.00588235	1021.342167
15	12	2015	2	7.087222237	47.67234872	23.3442623	90.8125	1021.312167
15	12	2015	3	5.783888857	44.9486781	23.97385621	89.07222222	1021.491667
15	12	2015	4	5.622777761	53.3649144	24.33333333	90.14666667	1021.650667
15	12	2015	5	5.505797117	60.83787402	24.33333333	91.46666667	1022.123212
15	12	2015	6	4.57111109	57.19920094	24.08333333	92.26086957	1022.7085
15	12	2015	7	5.480555561	65.51386759	24.47826087	90.83783784	1023.014667
15	12	2015	8	5.925555566	75.37954511	25.26027397	83.44525547	1023.0745
15	12	2015	9	5.647777784	96.51296158	26	84.51408451	1023.2925
15	12	2015	10	5.827777788	88.60133183	25.68067227	79.38888889	1023.172667
15	12	2015	11	8.864444481	94.37108744	25.39181287	76.23888889	1022.777
15	12	2015	12	8.671666659	95.05867118	25.45033113	76.13888889	1022.3455
15	12	2015	13	9.193333371	95.53593609	25.58333333	76.85	1021.824
15	12	2015	14	9.668888903	94.24650948	25.67222222	76.72222222	1021.443333
15	12	2015	15	10.34111116	89.68808709	25.53409091	77.63333333	1021.024167
15	12	2015	16	10.49000001	84.62230578	25.1509434	80.03472222	1020.8395
15	12	2015	17	10.84055559	79.70135208	25.42857143	82.5698324	1020.698333
15	12	2015	18	10.52666669	73.58040261	23.91919192	79.63841808	1015.422333
15	12	2015	19	10.11944442	73.17681828	24.43421053	81.54819277	1018.433667
15	12	2015	20	9.520555586	67.96031943	24.20300752	82.07189542	1021.258333
15	12	2015	21	8.867777777	65.24531375	24.19753086	82.50925926	1021.383167
15	12	2015	22	8.70888887	58.05803119	23.40625	85.22222222	1021.350167
15	12	2015	23	8.852777804	50.02170462	23.29310345	88.7027027	1021.127333
16	12	2015	0	8.388888918	47.96491545	23.17391304	89.0989011	1021.051
16	12	2015	1	7.708888925	43.64883341	23.40384615	88.28571429	1020.678667
16	12	2015	2	6.646111104	35.71842998	23.22222222	89.87804878	1020.438333
16	12	2015	3	5.608333304	34.26560919	23.4	87.83146067	1017.3925
16	12	2015	4	4.486285722	20.43395196	23.28571429	88.20833333	1020.666
16	12	2015	5	4.389743695	12.54448118	22.51515152	89.60416667	1021.1025
16	12	2015	6	4.975000003	15.6863363	23.4	91	1021.191509
16	12	2015	7	4.015555555	22.09092656	25	87.29885057	1021.159167
16	12	2015	8	3.401111104	55.41036873	25.48876404	81.42405063	1021.842833
16	12	2015	9	5.964444441	84.27690569	25.6	84.75581395	1018.9235
16	12	2015	10	5.84611111	75.88082919	24.47222222	86.83108108	1007.332833
16	12	2015	11	3.067222222	101.2538099	25.12121212	81.28735632	1012.254167
16	12	2015	12	6.158333341	109.3181556	24.80172414	86.90555556	997.1311667
16	12	2015	13	7.636666674	105.9986927	25	84.92222222	995.9511667
16	12	2015	14	9.487951799	104.0982844	25.47014925	80.41139241	1005.961446
16	12	2015	15	10.5838889	94.3266428	25.3015873	82.23888889	1015.305167
16	12	2015	16	10.54611113	83.34908996	25.25	83.64444444	1017.071667
16	12	2015	17	11.32888895	77.9073271	25.3375	88.35555556	1002.411833
16	12	2015	18	9.965555541	71.76556966	25.25	90.98876404	997.7033333
16	12	2015	19	8.590000017	61.08005622	25.25	88.91111111	1003.586167
16	12	2015	20	9.785000004	57.09372926	25.13761468	89.73076923	1012.108667
16	12	2015	21	8.94333335	60.55261873	25.34782609	88.73529412	1016.541167
16	12	2015	22	9.591111135	51.84091035	24.76146789	89.67857143	1014.006833
16	12	2015	23	8.247222267	51.5378763	24.36666667	91.52	1003.67
17	12	2015	0	7.52277782	46.88092455	24.125	93.51041667	991.7828333
17	12	2015	1	8.046666733	41.40041803	24.48148148	94.46315789	990.5396667
17	12	2015	2	9.480555529	40.77375842	24.39534884	94.11764706	982.0341667
17	12	2015	3	8.667777769	43.18564512	24.52173913	93.21764706	983.3338333
17	12	2015	4	8.018333393	39.62850181	24.39285714	95.46753247	983.3261667
17	12	2015	5	6.981111092	39.01861657	24.26666667	96.75	987.7606667
17	12	2015	6	5.53277777	30.06649203	24.44444444	95.01282051	1015.2825
17	12	2015	7	6.823333331	26.10169614	24.66666667	88.76111111	1016.778167
17	12	2015	8	5.444444443	21.40702533	25.95934959	78.5	1010.556333
17	12	2015	9	4.970555551	58.34350346	26.94444444	73.375	1015.863333
17	12	2015	10	7.641666696	98.4397838	26.25641026	83.93888889	964.415
17	12	2015	11	10.31888886	95.30969948	25.90625	82.91111111	973.4165
17	12	2015	12	12.80666671	95.35089368	25.55952381	83.56934307	1005.61
17	12	2015	13	13.15444444	95.17943548	25.13793103	85.88888889	1004.726833
17	12	2015	14	12.2638889	95.38012432	25.19444444	84.45783133	996.1573333
17	12	2015	15	13.16111109	85.37828515	25.24342105	84.98333333	989.314
17	12	2015	16	12.51111116	81.76380715	25.3253012	86.07100592	977.6063333
17	12	2015	17	11.54277777	77.83835636	25.40740741	85.06666667	985.8401667
17	12	2015	18	11.58166664	73.35652654	25.18309859	85.09770115	990.2061667
17	12	2015	19	10.07555557	60.38833271	25.38461538	85.19387755	984.3598333
17	12	2015	20	9.232222213	59.07840608	25.32	87.325	992.8721667
17	12	2015	21	9.522777793	55.16435331	25.33333333	89.12820513	997.2491667
17	12	2015	22	8.854444469	48.30530068	24.90322581	90.07194245	1005.803
17	12	2015	23	8.662777811	45.10929273	24.66666667	93.46666667	988.6118333
18	12	2015	0	9.367777814	38.01440715	24.39583333	94.01829268	995.1013333
18	12	2015	1	8.621111136	32.24562192	24.33333333	94.43333333	984.4486667
18	12	2015	2	7.893888921	35.70001163	24.07142857	97.50925926	937.5343333
18	12	2015	3	8.468888905	38.48290368	24.15	94.34482759	962.5585
18	12	2015	4	8.268333345	35.43942203	24.47619048	94.68333333	970.3241667
18	12	2015	5	7.47222223	37.09580966	23.68275862	91.98295455	1003.923833
18	12	2015	6	5.229444436	28.89951387	23.71875	91.29775281	1016.745
18	12	2015	7	6.958333333	39.46427016	24.05095541	84.87647059	1013.733833
18	12	2015	8	6.23277778	33.24944287	25.08403361	77.44230769	1012.583667
18	12	2015	9	6.477777769	80.18763601	26.10416667	76.46470588	1002.985167
18	12	2015	10	10.4288889	84.66259264	25.5625	79.40555556	1009.7275
18	12	2015	11	11.48333332	83.79449522	25.64705882	76.79444444	1009.162333
18	12	2015	12	13.05944445	83.35444114	25.75324675	77.75555556	1005.96
18	12	2015	13	12.79	82.6071847	25.56291391	74.45555556	1003.818167
18	12	2015	14	13.39611111	80.02039828	25.55414013	77.15	1004.580167
18	12	2015	15	13.04333332	79.10555929	25.43333333	77.33333333	1002.639167
18	12	2015	16	13.05444445	77.4586861	25.03846154	77.66091954	1001.388667
18	12	2015	17	11.82777778	64.09763456	24.76271186	76.51666667	1004.476833
18	12	2015	18	10.9338889	56.97498656	24.8317757	78.01734104	1005.137
18	12	2015	19	9.827222225	56.62696797	24.375	83.70707071	1006.021667
18	12	2015	20	9.581111081	55.41196026	23.97826087	84.6440678	1009.063167
18	12	2015	21	8.902222257	57.82969921	23.26612903	85.36486486	1010.776833
18	12	2015	22	8.111111135	46.77718793	23.43333333	86.64285714	1011.435333
18	12	2015	23	8.432777765	44.25030613	23.4	88.05882353	1014.073667
19	12	2015	0	8.48444447	36.99031018	23.43333333	90.33928571	1013.837
19	12	2015	1	8.128888904	37.98146199	22.60447761	93.0617284	1013.366833
19	12	2015	2	7.941111117	39.7304267	22.90721649	91.625	1013.595
19	12	2015	3	6.436666645	30.61094189	22.56521739	94.23478261	1012.646333
19	12	2015	4	6.842777801	46.87489736	22.57142857	94.84210526	1009.247167
19	12	2015	5	6.612777771	46.35254152	22.37142857	95.19512195	1012.390667
19	12	2015	6	5.761666685	44.08918553	22.5046729	93.58108108	1015.562333
19	12	2015	7	5.313333338	39.38643427	23.9057971	89.35460993	1016.506
19	12	2015	8	5.567222216	61.99583626	24.28888889	83.74626866	1017.160333
19	12	2015	9	7.920000007	67.44659766	24.85714286	76.71666667	1017.245
19	12	2015	10	9.626111126	81.12070508	24.33121019	77.78888889	1016.147
19	12	2015	11	11.88833335	81.20299371	24.21374046	78.56111111	1015.485
19	12	2015	12	13.04555556	81.71844779	24.97959184	73.4	1014.4385
19	12	2015	13	13.43944445	82.85067794	24.55063291	77.25301205	1013.199167
19	12	2015	14	13.40499999	82.08189079	24.25742574	80.47222222	1013.165667
19	12	2015	15	13.57222223	81.80579589	24.30882353	82.12777778	1013.15
19	12	2015	16	13.51944441	78.99139413	24.22123894	81.73033708	1012.278
19	12	2015	17	11.78111109	72.20428905	24.55789474	81.70634921	1013.2125
19	12	2015	18	10.51444446	57.55736369	24.8028169	80.27586207	1014.270167
19	12	2015	19	10.45722224	58.39771791	23.88421053	80.21323529	1014.105333
19	12	2015	20	10.24222225	59.32446298	23.46153846	85.76842105	1012.8285
19	12	2015	21	9.337777789	57.34538941	23.4	87.5	1012.363167
19	12	2015	22	7.962222197	52.77205957	23.33846154	89.0125	1011.4265
19	12	2015	23	7.555307284	57.01063472	23.03676471	92.54545455	1011.644749
20	12	2015	0	7.830000038	45.59262733	23.28571429	92.54285714	1012.675333
20	12	2015	1	8.798888895	36.48103533	23.25373134	90.48076923	1011.4235
20	12	2015	2	8.300555595	27.45224455	22.80952381	90.40384615	1012.7705
20	12	2015	3	7.908888933	32.94828273	22.6369863	91.47222222	1013.128333
20	12	2015	4	6.623333346	33.80851902	22.55172414	92.26315789	1013.630333
20	12	2015	5	5.243333371	30.29646306	22.37209302	93.43589744	1014.027833
20	12	2015	6	4.784999975	33.48057332	22.44897959	91.71052632	1014.300833
20	12	2015	7	3.553333328	26.81119878	23.57462687	88.16666667	1015.611
20	12	2015	8	3.606666654	69.80851002	23.44642857	81.67808219	1015.569
20	12	2015	9	4.833888899	97.58152153	23.05109489	85.13333333	1016.414667
20	12	2015	10	6.857222242	104.675457	22.01449275	83.58426966	1015.9715
20	12	2015	11	8.943333348	100.5406299	22.30337079	83.22857143	1015.343
20	12	2015	12	10.49777777	98.21976852	22.40853659	84.16860465	1015.608333
20	12	2015	13	11.52055554	92.60237158	23.13636364	81.54444444	1015.25
20	12	2015	14	11.23888888	94.2816716	23.20454545	82.52777778	1014.159167
20	12	2015	15	10.52666665	91.80873735	23.28289474	84.01744186	1013.642333
20	12	2015	16	11.54055554	82.63760879	23.71232877	83.86708861	1014.603333
20	12	2015	17	11.76944447	78.32633633	24.02083333	83.33888889	1014.493667
20	12	2015	18	11.66833335	77.51449763	23.5	84.54	1014.319667
20	12	2015	19	10.48388891	70.96433918	24.09333333	82.16666667	1014.731833
20	12	2015	20	8.4066667	64.68037817	24.05	82.875	1014.604
20	12	2015	21	8.454999993	62.9935917	23.76111111	83.0952381	1015.609
20	12	2015	22	8.471111133	60.64497634	23.69411765	83.92063492	1015.922667
20	12	2015	23	8.01611112	51.01092974	23.69902913	86.328125	1015.802
21	12	2015	0	8.770000013	48.56916853	23.42857143	87.78431373	1016.029667
21	12	2015	1	8.969999976	56.06045735	23.51351351	85.82352941	1015.625833
21	12	2015	2	7.249999984	48.5356387	23.31479247	86.75	1015.633167
21	12	2015	3	4.781111084	30.65440197	23.11607143	89.92307692	1015.932667
21	12	2015	4	4.38722222	33.14261444	22.61818182	91.52380952	1016.554667
21	12	2015	5	4.361111116	38.97275881	22.67901235	91.92783505	1017.079333
21	12	2015	6	3.361666654	26.27068535	23.5462963	91.44	1018.276833
21	12	2015	7	4.136111118	60.54797956	24.18656716	87.90588235	1018.847333
21	12	2015	8	4.523333326	90.73713091	25.40540541	83.35443038	1019.440167
21	12	2015	9	5.548888895	102.746884	25.25531915	85.52601156	1020.537167
21	12	2015	10	7.438333344	103.0849607	25.51724138	82.65317919	1020.159
21	12	2015	11	9.408888867	100.8554888	25.30612245	82.66292135	1018.631333
21	12	2015	12	10.09888887	99.84473978	23.61607143	83.30555556	1017.854333
21	12	2015	13	10.84222223	94.88113882	24.14723926	84.27222222	1017.648833
21	12	2015	14	11.30333334	91.13510161	23.41447368	82.58333333	1017.636167
21	12	2015	15	10.89999999	86.09743194	24.85294118	80.60869565	1018.261833
21	12	2015	16	10.59333337	84.31659202	24.18681319	81.34453782	1017.477667
21	12	2015	17	11.1388889	82.84802434	22.96153846	82.88068182	1017.434667
21	12	2015	18	11.16000001	82.57789901	22.72477064	79.15	1017.723167
21	12	2015	19	10.07722221	81.37169699	23.49411765	78.09302326	1018.415333
21	12	2015	20	10.09833334	82.28988635	24.12745098	81.29444444	1018.884667
21	12	2015	21	9.753333341	83.2707222	23.85123967	82.42073171	1018.5335
21	12	2015	22	9.543333334	83.96085534	22.92913386	84.30337079	1018.257167
21	12	2015	23	9.091111135	82.5833129	22.17708333	84.04848485	1017.8755
22	12	2015	0	8.432777802	86.44710499	21.88405797	86.55555556	1017.757333
22	12	2015	1	6.500555544	78.94875302	22.16923077	87.62393162	1017.2565
22	12	2015	2	5.380392112	67.37168047	22.47058824	88.35135135	1016.693774
22	12	2015	3	4.513402096	52.91654035	22.79381443	87.49462366	1016.805612
22	12	2015	4	3.150000004	35.19732918	21.80769231	89.34615385	1016.769231
22	12	2015	5	2.963333322	53.77662021	22.26923077	89.82432432	1018.593
22	12	2015	6	2.300555549	56.21561106	22.02906977	91.21428571	1017.439833
22	12	2015	7	2.471666668	74.16755818	22.90425532	89.96470588	1018.378
22	12	2015	8	3.991666667	98.61615976	24.28571429	87.15044248	1018.003667
22	12	2015	9	5.468888892	104.9812424	25.47826087	83.70754717	1018.0695
22	12	2015	10	5.903888888	108.7008828	23.57142857	85.07586207	1017.931667
22	12	2015	11	7.069444447	108.3111357	21.53333333	85.77241379	1016.194833
22	12	2015	12	9.851111121	106.0822725	22.09433962	85.55232558	1015.579
22	12	2015	13	11.26944443	97.46524312	21.25490196	90.91111111	1014.92
22	12	2015	14	9.55444448	83.43528611	21.80597015	88.00574713	1014.250167
22	12	2015	15	9.524444429	77.51088863	23.52272727	78.99444444	1013.237833
22	12	2015	16	9.217777777	75.69812797	24.01075269	79.27777778	1013.045667
22	12	2015	17	9.474444448	84.9577119	23.125	78.09550562	1013.157667
22	12	2015	18	9.0766667	80.54858967	23.21333333	81.40229885	1013.1685
22	12	2015	19	8.431111092	80.69687411	22.98039216	84.01666667	1014.027333
22	12	2015	20	8.627777788	79.1613882	22.64197531	85.51408451	1015.009833
22	12	2015	21	8.375555563	86.50485449	22.22666667	87.42222222	1014.801833
22	12	2015	22	8.827777783	87.8469167	21.73333333	85.8	1014.655667
22	12	2015	23	7.562777792	87.74733599	22.24242424	88.27222222	1013.599833
23	12	2015	0	7.420555584	83.04024836	22.58241758	86.07058824	1014.212667
23	12	2015	1	6.619444447	79.62905957	22.97701149	84.26553672	1013.938667
23	12	2015	2	4.407777806	70.42416733	22.84615385	86.2704918	1013.7845
23	12	2015	3	2.935555555	82.63379382	22.39370079	88.36842105	1013.846833
23	12	2015	4	1.920930219	87.18332852	21.86046512	88.36842105	1013.579535
23	12	2015	5	1.211904759	76.1229551	22.18181818	89.43137255	1014.324286
23	12	2015	6	2.304469262	76.7288605	20.61627907	89.43137255	1014.95581
23	12	2015	7	2.912222211	67.42692376	22.63779528	86.6	1015.316167
23	12	2015	8	3.958333331	84.99925084	22.4556962	82.11038961	1015.975667
23	12	2015	9	5.216666639	107.1334543	22.60240964	79.80120482	1016.323667
23	12	2015	10	6.506666684	110.9798947	22.20325203	80.90740741	1016.0715
23	12	2015	11	7.689999983	107.8052008	22.02409639	84.76111111	1014.882833
